-0.118141 -0.145557 -0.396942
0.219448 0.641719 -0.568891
0.804753 -0.213095 0.055931
-0.5516 -0.108225 0.097343
-0.282662 0.758456 0.398993
-0.114677 0.106269 -0.518987
-0.726917 0.472688 -0.797823
-0.077037 0.011007 0.534617
0.258031 -0.214153 -1.051703
-0.034901 -0.786039 0.846874
0.820741 0.17553 0.316927
-0.141547 -0.541217 -0.295988
0.271914 1.289542 0.153822
-0.516957 -1.627578 0.618851
0.139377 0.343182 0.085819
-0.357185 0.552583 -0.126678
-0.219509 -0.620513 0.913793
-0.885887 -0.647834 -0.964512
0.732069 0.426178 0.624024
0.265397 -0.23012 0.239314
0.212568 1.24841 -0.75972
0.165843 -1.183907 0.012866
0.244522 -0.196185 -0.940657
0.333512 0.04522 -0.140777
0.701913 0.154249 -0.479572
-0.500546 -0.903317 -0.62617
0.772419 0.170547 0.489784
-0.593672 -0.373102 0.08628
-0.228249 1.225911 0.153224
-0.130807 -1.640213 -0.047405
-0.001447 -0.190083 0.039412
-0.039118 0.087686 0.983273
-0.959972 -0.838327 0.018335
0.04766 -0.892332 -0.496011
0.775293 0.395418 -0.12899
-0.581566 0.421257 0.44285
0.48966 1.629995 -0.065174
0.037846 -0.612714 0.384536
-0.362251 0.224738 -0.893573
0.104266 -0.263664 0.222094
-0.099087 0.370321 -0.98499
0.680096 -0.069447 -0.387023
0.284007 -0.162815 -0.500346
-0.118786 -0.470272 -0.408554
-0.303978 0.286044 0.13783
0.040155 0.762457 0.076378
-0.218528 0.46405 0.105442
0.304713 -0.390603 0.650333
-0.275057 0.30265 1.189576
0.903103 -0.811538 -0.942974
-0.69223 0.095275 0.734107
1.355059 -0.299637 0.764864
-0.53468 1.450745 -0.817521
-0.723123 0.147795 -0.085492
0.12943 -0.14096 -0.631864
0.184014 0.70864 1.326423
-0.670333 -0.337693 0.183358
0.240713 -0.060137 0.461609
-0.870954 0.115388 0.099246
-0.121051 -0.177459 -0.101598
-0.697928 -0.125018 -0.551236
0.142822 0.596726 0.634521
0.470037 -0.554497 -0.783277
0.619005 0.147575 1.411797
