-0.226907 -0.080536 0.902052
0.776819 0.171288 -0.551025
0.176394 -0.183256 0.204614
0.854273 0.68598 0.610189
-0.091936 0.35913 -0.579748
0.084104 0.473431 0.095227
0.598698 0.099657 -0.823976
0.425043 -0.081448 1.419933
-1.005574 -0.469543 -0.545443
0.080843 -0.503649 -0.229292
-1.075835 -0.284081 0.217795
-0.645726 -0.07901 0.309219
-0.660687 -0.7539 0.448111
0.021249 -0.323657 0.146107
0.116005 -0.264227 0.267969
-0.241556 -0.152596 0.888561
0.190539 -0.014165 0.267054
-1.053594 -0.284418 -0.953258
-0.136246 -0.133944 0.366015
0.996651 0.062808 0.124581
0.197253 -0.463833 -0.145331
0.724814 -0.437657 -0.379722
-0.022671 0.017877 1.049002
-0.229855 -0.004722 -0.591605
-0.154714 -0.160145 0.666203
0.380032 0.718636 -0.704725
0.392862 -0.03449 -0.003614
-1.339879 -0.221236 -0.290386
-0.439149 1.033607 -0.306897
0.077647 0.175986 0.172003
-0.034472 0.357047 -1.370013
0.449865 -0.403463 1.302128
-0.971327 -1.005554 -0.649326
-0.650844 -0.187724 -0.927616
0.276128 0.710737 -0.478142
-0.273083 0.488493 0.413712
0.641086 0.512876 0.520235
0.022943 1.480425 0.177898
0.18907 0.389324 1.308572
0.703866 0.272666 -0.675214
-0.441452 -0.182156 -1.394336
0.778455 0.069504 -0.485925
1.838904 0.098736 -0.497372
-1.018893 -0.04522 0.187076
-0.440112 1.103483 0.738039
-0.433146 -1.463369 0.322362
0.570104 -0.011791 0.650285
0.417554 -0.726222 -0.85977
-0.306761 0.830359 -0.270748
-0.154505 -0.65194 -0.071913
1.78038 -0.289728 0.312266
-1.766243 -0.059655 0.397705
0.326135 1.292787 -0.813062
0.218025 -1.545104 -0.663048
0.638753 -0.09298 1.309355
-0.31279 -0.257789 -0.758911
-1.051024 0.088554 -0.982928
-0.365514 0.575159 0.279003
1.44818 -0.312672 -0.021217
-1.787702 -0.359966 0.327963
-0.08343 2.464228 0.472227
-0.013579 -1.711441 -0.018178
0.734729 0.047141 0.508435
0.301803 -0.342634 -0.33915
