-0.437757 -0.090743 0.15803
0.449605 -0.435267 -0.828991
-2.072616 -0.051825 0.877711
2.144694 -0.090086 0.075882
-0.607352 0.532786 0.378598
-0.777264 -1.885963 -0.048956
0.39704 0.642203 -1.068312
0.064098 0.179003 -0.177005
-0.033574 0.346172 0.680676
0.82825 0.497825 -0.656618
-0.906833 -0.010611 0.365963
1.376958 0.080901 -0.441221
-0.451121 -0.806818 -0.284864
-0.579497 -0.053233 -0.287661
-0.336212 0.217222 0.347111
0.289092 -0.611239 0.468926
-0.453067 0.31946 -0.683277
-0.662165 -0.149468 -0.087742
0.533672 -0.070014 0.096584
-0.020345 0.48243 -0.397113
-0.21413 1.634343 -0.170283
0.039077 -0.10791 -0.719333
-0.29128 0.032642 2.069655
0.124193 -0.201649 -0.71097
-0.789865 0.878036 0.020208
0.56874 -0.164877 -0.950145
-0.076491 -0.288 -0.243411
1.240837 0.47266 0.656808
0.255233 0.272119 0.455833
-0.289007 -0.346757 0.12366
-0.685761 -0.244829 -0.502888
0.339459 -0.233213 1.335765
-0.013471 -0.867347 -0.774099
0.734048 0.105961 -1.272735
1.370203 -0.182535 0.648941
-1.127055 -0.301221 0.303103
0.229886 -1.204827 0.172016
-0.32778 1.003783 -0.614408
0.764624 -0.183537 -0.038771
0.625441 0.03111 0.856974
0.561912 0.756882 -0.236387
-0.458387 0.66717 1.04408
0.070225 0.10084 -0.482484
-0.344876 -0.18676 -0.015312
-0.207209 0.12974 -0.023385
0.225407 0.210336 0.49958
0.296301 -0.597326 -1.321812
-0.274024 0.193096 0.130562
-1.153238 -0.394578 0.405264
-0.445287 -0.699603 -0.114074
-1.117986 -0.159911 -0.252436
1.483723 -0.15328 0.336593
0.381189 -0.437364 0.391497
-0.069632 0.550601 0.135542
0.497368 0.356473 1.817883
-0.09738 0.356697 -2.092389
-1.082933 0.58337 0.189313
-0.334998 -0.148464 -0.752988
0.250508 -0.279802 0.963668
-0.269342 -0.065478 0.796032
-0.160453 -0.945482 -0.543903
0.540075 0.33829 0.275545
0.852005 0.19428 0.109663
-0.365475 0.483588 -0.393695
