-0.625379 0.911584 -0.075876
-0.661 -0.104938 -0.074584
0.849169 0.350685 0.363742
-0.371611 0.087052 0.454216
0.406758 -1.451427 0.208757
0.391892 1.412298 -0.627514
0.409709 0.248799 1.81949
-0.316157 0.395146 -0.68287
0.094853 -0.22889 -0.089408
-0.40564 -1.092393 0.813413
-0.173428 0.384871 -0.232145
-1.448984 -0.868833 -0.407862
0.152676 -0.534988 -0.278452
0.236803 1.45327 -0.477397
0.542005 0.588247 1.124571
0.380439 0.303044 -0.981143
-0.216606 0.960671 0.012022
0.523618 0.457949 1.047743
-1.00541 -0.53207 -0.247965
0.630076 -0.445038 -0.609834
-0.637693 -1.500703 0.322027
-0.570248 0.946341 0.238964
0.660887 -0.556262 -0.409585
0.669967 -0.454444 -0.141432
0.449309 -0.650528 0.069289
-0.925537 0.246259 -1.307471
0.880334 -0.170862 0.583158
0.126178 -0.08166 0.623252
0.881527 -1.210399 -0.267108
0.063896 0.736295 0.030003
-0.082168 0.001127 -0.769984
-0.216517 -0.079276 -0.963173
-0.313338 0.484215 0.061675
0.19173 -0.45925 0.057363
-1.274863 -0.575919 0.727629
0.923261 -0.776426 0.71368
-0.41461 -1.998428 -0.32579
0.467098 1.708569 0.377559
0.361428 0.577965 -1.113915
0.348505 0.46978 0.347783
-0.722672 -0.863673 0.500885
-0.950848 0.649728 1.17634
-0.782252 0.346241 -0.630632
0.65968 -0.244425 -0.123044
0.739331 1.510791 -0.273571
0.722496 0.766488 0.226631
-0.372854 -0.445221 -0.493611
-0.03274 0.375548 -0.623519
-0.715394 0.046629 0.901905
0.830832 -0.094714 -0.350325
1.126795 0.658952 0.004566
-0.273909 0.013132 -0.023712
-0.065254 -1.564213 -0.39785
0.714286 1.608236 -0.153688
0.476601 0.174876 0.899274
0.460063 -0.232332 0.21727
-1.0005 -0.062573 0.768202
-0.941009 -0.538031 -0.670857
0.694566 -0.00045 -0.06064
-1.50427 0.871847 -0.00909
-0.127756 -0.408974 -0.168376
-0.198165 -1.429389 0.216524
0.402284 -0.367694 -0.602329
-0.122238 0.277788 -0.243182
