-0.231571 0.031614 -0.560153
-0.779697 -0.12909 0.784258
0.744629 0.548126 -0.214124
-0.165396 0.001128 0.026529
0.072305 -0.873594 -0.208971
0.527021 -1.331302 0.031311
0.350354 0.537482 0.600499
-0.372039 0.361715 0.809071
-0.106989 -0.635521 -0.720814
-0.739467 0.359337 0.641206
0.678906 -0.310297 -0.697991
-1.01243 0.693756 -0.108245
-0.13929 -0.071214 0.685498
0.361124 -1.418968 0.248615
-0.226745 0.137547 0.385956
-0.097537 0.228845 -1.559747
-0.241278 -0.869238 -0.792618
0.744667 -0.548988 -0.270704
0.281468 0.07337 -0.236417
0.995063 -0.220303 0.353326
0.147364 1.01708 0.40752
-0.140904 0.492732 0.101556
-0.364702 0.402682 -0.011419
-0.227023 -0.472196 0.151009
1.288203 0.545609 0.251638
0.261788 -1.092199 -0.8427
1.180704 0.409883 0.0645
-0.757243 0.334145 0.121851
0.326733 -1.91194 -0.281886
-0.442991 1.619821 -0.172523
-0.427598 0.249852 0.029935
-0.030321 0.09604 -1.176661
0.567659 0.751713 1.05061
-0.276611 0.573618 -0.487148
-1.67251 0.193902 0.064344
0.769306 -0.25307 0.030428
-0.356132 1.879818 -0.275818
0.313957 -1.184708 0.134729
-0.27093 -0.232294 -1.254009
-0.441572 -0.509412 0.402878
0.165589 0.546578 -0.181307
0.864444 0.720171 0.90474
-0.298459 -0.117041 -0.655843
0.646321 0.352518 0.003302
-1.162347 -0.755975 0.017657
0.024319 -0.640279 -0.524219
-0.64714 0.462493 1.495007
0.221614 -0.134477 -0.661187
0.476568 -0.381016 0.980462
0.001297 0.120229 0.191712
0.708615 0.289977 -0.158132
-1.974177 0.710669 -0.438506
-0.426712 -1.619512 -0.55647
0.447195 1.282555 0.234867
-0.713159 0.045261 0.661323
-0.124682 0.621019 0.504493
1.047955 -1.01859 -0.083156
-0.089305 -0.92943 0.174588
1.109411 0.43459 0.232028
-0.279333 -0.594174 0.435718
0.25952 0.675178 -0.659935
-0.174466 -0.148032 0.732729
-0.405756 0.105152 -0.448951
0.232414 0.496659 0.293761
