0.51911 1.030769 0.289199
0.980313 0.465455 0.986329
-0.636192 -0.969554 -0.333663
1.707244 -0.292948 0.571866
-0.600839 0.915626 -0.026383
-0.026464 0.178205 0.595013
-0.503659 -0.164847 -1.238234
-0.26741 0.122146 0.391015
0.985051 -0.524959 -0.239796
-0.040705 0.112169 -1.076862
-0.795944 0.604015 0.013416
0.106867 -0.725536 0.830297
0.204579 -0.39964 0.160289
-0.35758 0.374857 -0.341338
-0.122693 -0.323484 0.045005
-0.213713 -0.382574 -0.612077
0.340369 1.238874 -0.422064
0.836087 -0.974582 -0.640712
0.3286 -0.149546 0.174414
-0.068023 0.343984 0.387619
-0.006212 -0.780593 0.078132
-0.390999 -0.009998 -0.048165
0.011633 0.757694 -0.318475
-0.206769 -0.188612 -0.829644
-0.166456 -0.826729 -0.728653
-0.311027 -0.729342 -0.903137
0.189855 -0.02996 -0.111687
-0.699395 0.065315 0.059883
0.507488 -1.93197 -0.080117
1.002489 2.435127 0.268143
0.056264 0.079221 1.857275
-0.393454 0.179293 -0.909888
0.377812 -0.518568 1.064217
-0.740413 -0.111466 -0.791724
-0.388073 0.234483 0.294061
-1.079729 -0.437475 -0.039029
0.341543 0.027342 -0.389479
0.545209 0.148316 0.627297
-0.304224 -0.13761 -0.04399
-0.265505 0.058703 -0.773223
1.064104 -0.650463 -0.956514
-1.569866 -0.680329 -0.545113
-0.518892 -0.054631 0.294653
-0.212974 0.581599 0.407505
0.002254 0.772406 0.627475
0.365483 0.009532 -0.297329
-0.240616 0.092446 0.728274
-0.453634 0.391321 0.804177
0.676252 -0.554028 -0.273297
0.604213 1.153472 0.121871
-0.744927 0.627803 0.197684
0.833261 -0.289114 0.024624
0.112086 -1.05201 0.24323
0.696909 0.308497 0.359001
-0.32555 -0.351803 0.120067
0.352622 -0.422829 0.437931
0.119477 0.777101 0.795433
-0.798715 -0.83498 -0.04946
0.602944 -0.604804 0.027757
-0.427437 0.491553 0.583332
-0.005096 0.425504 -0.692783
0.055915 0.11712 -0.271961
-0.103255 0.624955 0.0228
-0.539595 0.360082 -0.504485
