0.70485 0.845648 -0.070019
-0.286099 0.325604 -0.074327
-1.474313 -0.095142 -0.280113
0.156378 -0.098493 0.356179
-0.081506 -1.587414 0.159126
0.259373 1.331992 -0.73363
0.049236 0.371753 0.102809
-0.701193 -0.070601 -1.695173
0.195324 0.197551 -0.279303
-0.196352 0.687631 -0.299411
0.481385 0.355506 0.054864
1.079668 -0.370583 0.25622
0.219113 1.844104 -0.251113
0.405022 -1.35655 -0.365109
-0.349291 -0.012386 0.95892
-0.085176 -0.246415 0.146522
0.244936 -0.074089 0.083447
0.090964 -0.453594 0.8187
0.413629 -0.598829 -0.229027
0.152752 0.468204 -0.422925
0.300417 -1.266839 -0.375852
-0.304899 0.803536 -0.158136
-0.043804 0.363366 -0.570782
-0.286335 -0.186484 -0.056142
0.313027 -0.429223 -0.38406
0.844596 0.451826 -0.031232
-0.990905 0.328928 -0.096763
1.187182 0.414363 0.303667
-0.217583 0.454567 0.400647
-0.472589 -0.121955 0.480331
-0.58854 0.058778 0.860541
-0.506506 0.039032 0.567002
-0.152176 -0.937176 -0.30934
1.036899 0.327117 1.33664
-1.124811 0.536497 -0.907975
0.924083 0.364728 -0.065373
-0.266393 -0.338893 0.356213
-0.369711 -1.091863 -0.151577
-0.337005 -0.510079 -0.103385
-0.472408 0.14717 1.386647
1.390735 -0.14389 0.946126
0.289511 0.923595 -0.088863
-1.549564 0.47403 -0.141706
0.918837 0.547058 -0.191653
-0.530078 -0.860802 -0.130916
-0.428322 -0.31397 0.179289
-0.114391 -0.600564 -1.150373
-0.363392 -0.320188 0.423549
-0.328214 0.242764 0.905362
-0.420291 -0.285961 -0.011666
0.869986 0.358854 0.269282
0.539614 -0.279841 -0.051604
0.773319 -0.746678 -0.127338
0.62099 -0.258731 -0.038343
-0.389582 -0.121461 -1.219023
0.509556 0.339673 1.192371
1.3354 0.250454 0.009213
-0.945486 0.84251 -0.352597
-0.632817 -0.296567 -0.005138
-1.180526 -0.264671 -0.130746
-0.009265 1.176676 -0.00019
0.264039 -1.003617 -0.12967
-0.286454 -0.101025 -2.091338
-0.084847 -0.42894 1.218267
