0.738379 0.48581 0.018519
0.983004 0.695353 -0.423917
0.967488 0.116743 -0.589823
-0.084389 0.137046 -0.423367
-0.470328 1.296441 -0.423078
-0.263493 -1.182047 0.521328
0.332524 -0.382338 0.466834
0.19652 -0.552756 -0.617059
0.340753 0.932737 -1.082711
-0.352834 -0.034069 -0.546853
0.209447 -0.170553 0.255905
-1.248523 0.1324 -0.277314
-0.296298 1.327488 0.591352
0.225842 -1.705193 -0.220596
-0.602859 0.598417 0.360383
-0.487819 0.018537 -0.681676
-0.850702 -0.481463 -0.618219
-0.375888 0.3131 0.609637
-1.425719 -0.081346 0.714056
-0.152265 -0.539619 0.318009
-0.178473 1.482119 0.427439
0.269104 -1.208309 -0.327712
0.850349 -0.517951 0.275559
-0.588363 0.226576 -0.96233
0.629328 0.101208 1.170955
0.175608 -0.725726 0.018084
-0.672848 -0.376194 0.690747
1.314233 0.49323 0.453261
-0.403463 -0.248525 0.230807
-0.081478 0.863863 -0.071733
-0.387653 0.744336 -0.69563
0.204661 1.016501 1.272453
0.210489 -0.369673 0.610136
-0.618631 -0.801014 1.16881
1.247918 -0.045758 -0.325354
0.342738 -0.215167 -0.069832
0.441032 0.314676 -0.03073
0.215784 0.14419 0.976532
-0.277749 -0.258368 -0.418189
0.132647 0.303744 -0.143621
0.293403 0.10204 -0.586267
-0.0766 0.318418 0.741565
-1.193866 -0.235149 -0.180348
0.286858 0.294859 0.204099
0.289819 0.925706 0.429944
0.177769 -1.251772 0.201923
0.011121 0.010154 -0.513286
-0.770371 0.244167 -0.539961
-0.122463 0.783939 0.309844
-0.833015 -1.143659 -1.244648
0.318174 -0.327947 -0.137883
-0.672169 -0.306686 0.158866
0.000928 -1.568952 -0.556323
0.490919 0.513788 -0.187133
0.107427 -0.010953 -0.135414
0.0403 0.521312 0.035425
-0.196083 -0.020488 0.519869
-0.52423 -0.25306 0.358801
0.546995 -0.296434 -0.355434
0.753656 -0.424927 -0.364529
0.382562 -1.149823 -0.614214
0.395589 1.452637 -0.053896
0.295654 0.152651 -0.023568
-0.210447 -0.178269 0.331507
